offer	2.5	0.92195	[3, 3, 1, 3, 3, 1, 2, 2, 4, 3]
buy	2.1	0.83066	[2, 2, 1, 3, 2, 2, 4, 1, 2, 2]
sell	2.1	0.83066	[2, 2, 1, 3, 2, 2, 4, 1, 2, 2]	
insurance	1.0	0.7746	[-1, 1, 1, 1, 1, 1, 2, 1, 2, 1]
policy	0.7	1.67631	[1, -2, 1, -3, 1, 2, 2, 1, 2, 2]
username	1.4	0.91652	[2, 2, 1, 2, 1, 2, -1, 1, 2, 2]	
password	2.3	1.1	[4, 2, 2, 1, 2, 1, 4, 3, 3, 1]
launching	0.9	1.04403	[2, -1, 1, 1, 1, 1, -1, 2, 2, 1]
launch	0.4	1.42829	[1, 1, 2, 1, -1, -2, 1, 2, -2, 1]
details	1.3	0.64031	[1, 1, 1, 1, 3, 1, 1, 2, 1, 1]
account	1.7	1.18743	[1, 4, 1, 1, 3, 1, 3, 0, 2, 1]
hello	-1.8	0.64031	[0, 1, 1, 0, 1, 0, 1, 0, 1, 2]
special	0.9	0.9434	[0, 1, 0, 1, 0, 1, 0, 1, 3, 2]
specially	0.7	0.64031	[0, 1, 1, 0, 1, 0, 1, 0, 1, 2]
user	0.6	0.8	[0, 1, 0, 1, 0, 0, 2, 0, 0, 2]
pass	1.3	0.64031	[1, 1, 1, 1, 3, 1, 1, 2, 1, 1]
introducing	1.0	0.7746	[-1, 1, 1, 1, 1, 1, 2, 1, 2, 1]
€	1.9	0.7	[1, 1, 2, 2, 2, 2, 1, 3, 2, 3]
selling	2.3	0.9	[3, 1, 3, 1, 2, 4, 2, 3, 2, 2]
buying	2.3	0.9	[3, 1, 3, 1, 2, 4, 2, 3, 2, 2]
exclusively	2.1	0.83066	[2, 2, 1, 3, 2, 2, 4, 1, 2, 2]
exclusive	1.9	0.7	[1, 1, 2, 2, 2, 2, 1, 3, 2, 3]
offering	1.9	0.7	[1, 1, 2, 2, 2, 2, 1, 3, 2, 3]
euro	1.9	0.7	[1, 1, 2, 2, 2, 2, 1, 3, 2, 3]
euros	2.0	0.63246	[3, 2, 2, 2, 1, 2, 3, 1, 2, 2]
cheap	1.3	0.64031	[1, 1, 1, 1, 3, 1, 1, 2, 1, 1]	
expensive	1.0	0.7746	[-1, 1, 1, 1, 1, 1, 2, 1, 2, 1]
$	2.1	0.83066	[2, 2, 1, 3, 2, 2, 4, 1, 2, 2]
transaction	2.5	0.92195	[3, 3, 1, 3, 3, 1, 2, 2, 4, 3]
trust	1.9	0.7	[1, 1, 2, 2, 2, 2, 1, 3, 2, 3]
